51
121829850 123768409
122110437 124266586
122845213 125327424
122897114 125383603
169853943 173851236
202348512 207307672
203931943 208923503
238691048 243604980
244115521 248831054
244657071 249248989
244757706 249315501
244852808 249342262
244941459 249361775
245113789 249324085
245221338 249285934
245443579 249173114
245835112 248933514
246171883 248712127
249944485 245204389
251502508 243683063
274238363 220800394
292654150 202231880
362476979 130770465
365725041 127311248
366198040 126790487
367245223 125552994
369086765 123304657
369116209 123262649
369104570 123195350
369094496 123173885
368958685 122969978
368078501 121789429
368004816 121705414
283341615 36776910
266014704 19722490
264039956 17795363
261712197 15588482
248173411 2813700
246958313 1717157
245044277 0
244995500 15113
244402082 396598
243974124 683871
231160861 12741830
198333052 44423974
175553047 66827230
167956790 74524154
148815264 94038505
133725648 109805786
129661218 114236624
122459631 122459631
